param_ClientNumber
1421
1422
1423
1424
1425
1426
1427
1428
1429
1430
1431
1441
1442
1443
1444
1445
1446
1447
1448
1449
1450
1451
1461
1462
1463
1464
1465
1466
1467
1468
1469
1470
1471
1481
1482
1483
1484
1485
1486
1487
1488
1490
1501
1502
1503
1504
1505
1506
1507
1508
1509
1510
1511
1521
1522
1523
1524
1525
1526
1527
1528
1529
1530
1531
1541
1542
1543
1544
1545
1546
1547
1548
1549
1550
1561
1562
1563
1564
1565
1566
1567
1568
1569
1570
1571
1581
870
871
881
882
883
884
885
886
887
888
889
890
891
901
902
903
904
905
906
908
909
910
911
921
922
923
924
925
926
927
928
929
930
931
941
942
943
944
945
946
947
948
949
950
961
962
963
964
965
966
967
968
969
970
971
981
982
983
984
985
986
987
988
989
990
991
1001
1002
1003
1004
1005
1006
1007
1008
1009
1010
1011
1021
1022
1023
1024
1025
1026
1027
1028
1029
1030
1031
1041
1042
1043
1044
1045
1046
1047
1048
1049
1050
1051
1061
1062
1063
1064
1065
1066
1067
1068
1069
1070
1071
1081
1082
1083
1084
1085
1086
1087
1088
1089
1090
1091
1101
1102
1103
1104
1105
1106
1107
1108
1109
1110
1111
1121
1122
1123
1124
1125
1126
1127
1128
1129
1130
1131
1141
1142
1143
1144
1145
1146
1147
1148
1149
1150
1151
1161
1162
1163
1164
1165
1166
1167
1168
1169
1170
1181
1182
1183
1184
1185
1186
1187
1188
1189
1190
1191
1201
1202
1203
1204
1205
1206
1207
1208
1209
1211
1221
1222
1223
1224
1225
1226
1227
1228
1229
1230
1231
1241
1242
1243
1244
1245
1246
1247
1248
1249
1250
1251
1261
1262
1263
1264
1265
1266
1267
1268
1269
1270
1281
1282
1283
1284
1285
1286
1287
1288
1289
1290
1291
1301
1302
1303
1304
1305
1306
1307
1308
1309
1310
1311
1321
1322
1323
1324
1325
1326
1327
1328
1329
462
463
464
465
466
467
468
469
470
471
481
482
483
484
485
486
487
488
489
490
491
501
502
503
504
505
506
507
508
509
510
511
521
522
523
524
525
526
527
528
529
530
531
532
541
542
543
544
545
546
547
548
549
550
551
561
562
563
564
565
566
567
568
569
570
571
581
582
583
584
585
586
587
588
589
590
591
601
602
603
604
605
606
607
608
609
610
611
621
622
623
624
625
626
627
628
629
630
631
641
642
643
644
645
646
647
648
649
650
651
661
662
663
664
665
666
667
668
669
670
671
681
682
683
684
685
686
687
688
689
690
691
701
702
703
704
705
706
707
708
709
710
711
721
722
723
724
725
726
727
728
729
730
731
741
742
743
744
745
746
747
748
749
750
751
761
762
763
764
765
766
767
768
769
770
771
781
782
783
784
785
786
787
788
789
790
791
801
802
803
804
805
806
807
808
809
810
811
821
822
165
166
167
168
169
170
171
181
182
183
184
185
186
187
188
189
190
191
201
202
203
204
205
206
207
208
209
210
211
221
222
223
224
225
226
227
228
229
231
241
242
243
244
246
247
248
249
250
251
261
262
263
264
265
266
267
268
269
270
271
281
282
283
284
285
286
287
288
289
290
291
301
303
304
305
306
307
308
309
310
311
321
322
323
324
325
326
327
328
329
330
331
341
342
343
344
345
346
347
348
349
350
351
361
362
363
364
365
366
367
368
369
371
381
382
383
384
385
386
387
388
389
390
391
401
402
403
404
405
